2952839538
2980493972
2981138712
2981138712
2981279852
2981279852
2984901707
2988685828
2989248231
2990075662
2992070937
2994219667
2994228955
2994590216
3003054396
3003176864
3003696381
3006220852
3006967515
3008171112
3008339191
3008340531
3008419630
3008741432
3009641230
3009613905
3016630172
3018056995
3019686275
3019939475
3020353121
3029286245
3038966045
3042747010
3042923905
3045927142
3051212307
3051171309
3051455189
3060006820
3060480158
3060469471
3066638917
3072938515
3080487484
3084161127
3085685125
3085744777
3089612616
3090654395
3093449844
3095443657
3098595632
3099019596
3099979914
3100504199
3102840395
3106724520
3106953912
3107075289
3107970653
3108809746
3109256265
3110882762
3113492149
3117455535
3123507081
3131038817
3137682308
3198496191
